#B_1 topology generated via Brite
#Topology generated via Brite waxman model
#brite topology with 100 nodes and 200 edges 
#Generated with Waxman Model in the Brite
Topology: ( 100 Nodes, 200 Edges )
Model (1 - RTWaxman):  100 1000 100 1  2  0.15000000596046448 0.20000000298023224 1 1 10.0 1024.0 

Nodes: ( 100 )
0    649    675    13    13    -1    RT_NODE
1    687    672    7    7    -1    RT_NODE
2    103    464    11    11    -1    RT_NODE
3    803    540    11    11    -1    RT_NODE
4    711    915    9    9    -1    RT_NODE
5    90    45    4    4    -1    RT_NODE
6    585    312    8    8    -1    RT_NODE
7    129    961    4    4    -1    RT_NODE
8    809    13    7    7    -1    RT_NODE
9    688    495    6    6    -1    RT_NODE
10    788    37    3    3    -1    RT_NODE
11    134    236    9    9    -1    RT_NODE
12    738    498    7    7    -1    RT_NODE
13    729    298    6    6    -1    RT_NODE
14    740    925    5    5    -1    RT_NODE
15    67    848    6    6    -1    RT_NODE
16    708    583    8    8    -1    RT_NODE
17    974    484    3    3    -1    RT_NODE
18    22    651    6    6    -1    RT_NODE
19    136    391    6    6    -1    RT_NODE
20    331    545    3    3    -1    RT_NODE
21    545    797    6    6    -1    RT_NODE
22    188    696    5    5    -1    RT_NODE
23    632    32    6    6    -1    RT_NODE
24    810    836    3    3    -1    RT_NODE
25    603    385    3    3    -1    RT_NODE
26    195    204    7    7    -1    RT_NODE
27    75    61    2    2    -1    RT_NODE
28    251    127    6    6    -1    RT_NODE
29    560    741    6    6    -1    RT_NODE
30    395    88    5    5    -1    RT_NODE
31    754    663    4    4    -1    RT_NODE
32    274    761    2    2    -1    RT_NODE
33    846    659    3    3    -1    RT_NODE
34    880    486    4    4    -1    RT_NODE
35    274    312    2    2    -1    RT_NODE
36    359    289    6    6    -1    RT_NODE
37    448    225    6    6    -1    RT_NODE
38    233    891    3    3    -1    RT_NODE
39    960    430    3    3    -1    RT_NODE
40    583    87    4    4    -1    RT_NODE
41    715    119    3    3    -1    RT_NODE
42    995    533    4    4    -1    RT_NODE
43    247    210    5    5    -1    RT_NODE
44    697    218    3    3    -1    RT_NODE
45    173    741    5    5    -1    RT_NODE
46    387    856    4    4    -1    RT_NODE
47    417    733    5    5    -1    RT_NODE
48    696    34    4    4    -1    RT_NODE
49    327    928    3    3    -1    RT_NODE
50    95    160    2    2    -1    RT_NODE
51    280    799    4    4    -1    RT_NODE
52    332    203    4    4    -1    RT_NODE
53    701    296    2    2    -1    RT_NODE
54    165    749    6    6    -1    RT_NODE
55    689    88    3    3    -1    RT_NODE
56    219    117    3    3    -1    RT_NODE
57    595    455    3    3    -1    RT_NODE
58    315    163    4    4    -1    RT_NODE
59    975    569    2    2    -1    RT_NODE
60    482    907    2    2    -1    RT_NODE
61    299    640    3    3    -1    RT_NODE
62    201    329    2    2    -1    RT_NODE
63    691    282    5    5    -1    RT_NODE
64    100    498    4    4    -1    RT_NODE
65    757    503    3    3    -1    RT_NODE
66    459    706    2    2    -1    RT_NODE
67    251    909    4    4    -1    RT_NODE
68    399    430    2    2    -1    RT_NODE
69    913    109    3    3    -1    RT_NODE
70    551    763    4    4    -1    RT_NODE
71    355    754    3    3    -1    RT_NODE
72    336    392    6    6    -1    RT_NODE
73    232    390    3    3    -1    RT_NODE
74    732    373    2    2    -1    RT_NODE
75    295    51    2    2    -1    RT_NODE
76    532    677    2    2    -1    RT_NODE
77    130    580    2    2    -1    RT_NODE
78    683    950    3    3    -1    RT_NODE
79    505    722    2    2    -1    RT_NODE
80    206    21    2    2    -1    RT_NODE
81    309    404    2    2    -1    RT_NODE
82    610    409    2    2    -1    RT_NODE
83    983    1    3    3    -1    RT_NODE
84    450    525    3    3    -1    RT_NODE
85    221    40    2    2    -1    RT_NODE
86    864    289    2    2    -1    RT_NODE
87    433    545    3    3    -1    RT_NODE
88    518    622    2    2    -1    RT_NODE
89    170    116    2    2    -1    RT_NODE
90    369    621    2    2    -1    RT_NODE
91    246    957    2    2    -1    RT_NODE
92    43    294    3    3    -1    RT_NODE
93    768    271    2    2    -1    RT_NODE
94    438    357    2    2    -1    RT_NODE
95    688    826    2    2    -1    RT_NODE
96    381    0    2    2    -1    RT_NODE
97    747    50    2    2    -1    RT_NODE
98    742    469    2    2    -1    RT_NODE
99    897    721    2    2    -1    RT_NODE


Edges: ( 200 )
0    2    0    585.3520308327289    1.9525242053712004    10.0    -1    -1    E_RT    U
1    2    1    619.9354805139    2.0678821763885065    10.0    -1    -1    E_RT    U
2    3    0    204.79501947068928    0.6831226537082841    10.0    -1    -1    E_RT    U
3    3    1    175.72706109191037    0.5861623813495347    10.0    -1    -1    E_RT    U
4    4    3    386.1204475290062    1.2879591771751848    10.0    -1    -1    E_RT    U
5    4    2    757.0105679579381    2.525115451563288    10.0    -1    -1    E_RT    U
6    5    2    419.2016221342661    1.398306097928141    10.0    -1    -1    E_RT    U
7    5    0    842.2475883016822    2.809435547246763    10.0    -1    -1    E_RT    U
8    6    0    368.5986977730659    1.2295129111388985    10.0    -1    -1    E_RT    U
9    6    3    315.4488865093678    1.0522242240976183    10.0    -1    -1    E_RT    U
10    7    5    916.8298642605399    3.0582152412271153    10.0    -1    -1    E_RT    U
11    7    2    497.67961581724444    1.6600805074864304    10.0    -1    -1    E_RT    U
12    8    4    907.3081064335312    3.0264540758844944    10.0    -1    -1    E_RT    U
13    8    6    373.6000535331867    1.2461956382277861    10.0    -1    -1    E_RT    U
14    9    0    184.17654573804992    0.6143468283583369    10.0    -1    -1    E_RT    U
15    9    4    420.6292904684599    1.403068286889525    10.0    -1    -1    E_RT    U
16    10    3    503.2236083492109    1.6785732760135377    10.0    -1    -1    E_RT    U
17    10    8    31.89043743820395    0.10637504909547775    10.0    -1    -1    E_RT    U
18    11    2    230.09780529157595    0.7675236622916509    10.0    -1    -1    E_RT    U
19    11    6    457.3587213555679    1.5255844806995376    10.0    -1    -1    E_RT    U
20    12    0    198.11612756158948    0.6608442683424327    10.0    -1    -1    E_RT    U
21    12    3    77.38862965578342    0.2581406822975627    10.0    -1    -1    E_RT    U
22    13    3    253.06125740618614    0.8441214935640113    10.0    -1    -1    E_RT    U
23    13    11    598.2215308729702    1.995452236736957    10.0    -1    -1    E_RT    U
24    14    13    627.0964838045259    2.0917687122219926    10.0    -1    -1    E_RT    U
25    14    9    433.132774100506    1.4447754189350088    10.0    -1    -1    E_RT    U
26    15    7    128.89142717807107    0.4299355228545178    10.0    -1    -1    E_RT    U
27    15    11    615.6565601047389    2.05360923424144    10.0    -1    -1    E_RT    U
28    16    13    285.7726368986366    0.9532349105948377    10.0    -1    -1    E_RT    U
29    16    12    90.13878188659973    0.30067061222267216    10.0    -1    -1    E_RT    U
30    17    2    871.2295908656914    2.9061091018697054    10.0    -1    -1    E_RT    U
31    17    16    283.82565070831777    0.9467404637254676    10.0    -1    -1    E_RT    U
32    18    12    732.1645989803112    2.442238219949853    10.0    -1    -1    E_RT    U
33    18    0    627.4591620177364    2.0929784765223696    10.0    -1    -1    E_RT    U
34    19    8    771.8892407593204    2.5747453618707126    10.0    -1    -1    E_RT    U
35    19    9    561.7116698093427    1.873668449021965    10.0    -1    -1    E_RT    U
36    20    18    326.67568014775753    1.0896727767172767    10.0    -1    -1    E_RT    U
37    20    12    409.70477175644413    1.366628014893037    10.0    -1    -1    E_RT    U
38    21    4    203.66639388961548    0.6793579640006003    10.0    -1    -1    E_RT    U
39    21    6    486.6466890876789    1.6232786252670803    10.0    -1    -1    E_RT    U
40    22    18    171.9912788486672    0.5737011531112874    10.0    -1    -1    E_RT    U
41    22    15    194.28072472584614    0.6480507415761811    10.0    -1    -1    E_RT    U
42    23    17    566.8050811345996    1.8906582404237786    10.0    -1    -1    E_RT    U
43    23    0    643.2246885809033    2.145566612556021    10.0    -1    -1    E_RT    U
44    24    21    267.8544380815819    0.8934662328349231    10.0    -1    -1    E_RT    U
45    24    0    227.6883835420683    0.7594866964333983    10.0    -1    -1    E_RT    U
46    25    16    224.1182723474371    0.7475780873294589    10.0    -1    -1    E_RT    U
47    25    12    176.05112893702216    0.58724335532491    10.0    -1    -1    E_RT    U
48    26    11    68.8839603971781    0.2297721592355005    10.0    -1    -1    E_RT    U
49    26    22    492.0497942281858    1.6413014440416172    10.0    -1    -1    E_RT    U
50    27    6    568.4197392772352    1.8960441602478044    10.0    -1    -1    E_RT    U
51    27    9    751.0825520540335    2.5053417189502265    10.0    -1    -1    E_RT    U
52    28    7    842.8760288440999    2.811531799255937    10.0    -1    -1    E_RT    U
53    28    19    287.9600666759195    0.9605313909395263    10.0    -1    -1    E_RT    U
54    29    3    315.35694062442957    1.051917525638452    10.0    -1    -1    E_RT    U
55    29    21    57.97413216254298    0.19338088939696735    10.0    -1    -1    E_RT    U
56    30    9    501.49576269396334    1.6728098032871905    10.0    -1    -1    E_RT    U
57    30    18    675.3502794846538    2.2527260491811765    10.0    -1    -1    E_RT    U
58    31    4    255.64232826353307    0.8527310192157439    10.0    -1    -1    E_RT    U
59    31    24    181.8378398463862    0.6065457452114629    10.0    -1    -1    E_RT    U
60    32    18    274.96181553081146    0.9171738921157633    10.0    -1    -1    E_RT    U
61    32    4    463.3411270327727    1.5455396380677886    10.0    -1    -1    E_RT    U
62    33    3    126.53062870309307    0.42206074678200567    10.0    -1    -1    E_RT    U
63    33    29    297.5231083462258    0.9924302643605057    10.0    -1    -1    E_RT    U
64    34    1    268.03917624108607    0.8940824530051589    10.0    -1    -1    E_RT    U
65    34    30    627.3985973844698    2.0927764546514034    10.0    -1    -1    E_RT    U
66    35    28    186.4242473499625    0.6218443539028674    10.0    -1    -1    E_RT    U
67    35    20    239.87079855622275    0.8001228588486464    10.0    -1    -1    E_RT    U
68    36    23    374.93732809631    1.2506563060245832    10.0    -1    -1    E_RT    U
69    36    6    227.16733920174352    0.7577486795940127    10.0    -1    -1    E_RT    U
70    37    36    109.62207806824317    0.36565989284574724    10.0    -1    -1    E_RT    U
71    37    26    253.87004549572208    0.8468193202369423    10.0    -1    -1    E_RT    U
72    38    28    764.2120124677444    2.549136884783621    10.0    -1    -1    E_RT    U
73    38    19    509.3220984799305    1.6989156494388211    10.0    -1    -1    E_RT    U
74    39    14    541.6871790987858    1.806873937765258    10.0    -1    -1    E_RT    U
75    39    16    294.8101083748656    0.9833806705533119    10.0    -1    -1    E_RT    U
76    40    6    225.00888871331284    0.7505488637519788    10.0    -1    -1    E_RT    U
77    40    23    73.66138744281159    0.24570794053401968    10.0    -1    -1    E_RT    U
78    41    23    120.24142381059865    0.40108221738719874    10.0    -1    -1    E_RT    U
79    41    2    702.5446605020923    2.343436740166733    10.0    -1    -1    E_RT    U
80    42    31    273.82658746002005    0.9133871788729924    10.0    -1    -1    E_RT    U
81    42    34    124.23365083583433    0.41439885334218224    10.0    -1    -1    E_RT    U
82    43    11    115.95257651298655    0.38677616270448856    10.0    -1    -1    E_RT    U
83    43    26    52.3450093132096    0.17460415669699603    10.0    -1    -1    E_RT    U
84    44    1    454.1101188037985    1.5147483089911438    10.0    -1    -1    E_RT    U
85    44    22    698.2585481037809    2.32913980812613    10.0    -1    -1    E_RT    U
86    45    22    47.43416490252569    0.1582233429719092    10.0    -1    -1    E_RT    U
87    45    0    480.5538471389028    1.602955092148792    10.0    -1    -1    E_RT    U
88    46    11    669.6334818391326    2.233656864840585    10.0    -1    -1    E_RT    U
89    46    4    329.3281038721111    1.0985203099142378    10.0    -1    -1    E_RT    U
90    47    29    143.22360140703069    0.4777425101435696    10.0    -1    -1    E_RT    U
91    47    15    368.4087403957729    1.2288792815320686    10.0    -1    -1    E_RT    U
92    48    25    363.1115531073061    1.211209766682343    10.0    -1    -1    E_RT    U
93    48    40    124.8118584109699    0.4163275462085504    10.0    -1    -1    E_RT    U
94    49    2    515.2397500193478    1.7186548102532577    10.0    -1    -1    E_RT    U
95    49    14    413.01089574005186    1.3776560574450871    10.0    -1    -1    E_RT    U
96    50    5    115.10864433221339    0.38396110796160654    10.0    -1    -1    E_RT    U
97    50    43    160.0124995117569    0.5337442462003393    10.0    -1    -1    E_RT    U
98    51    45    121.70866854912184    0.4059764190235961    10.0    -1    -1    E_RT    U
99    51    37    598.0802621722272    1.9949810150735254    10.0    -1    -1    E_RT    U
100    52    48    401.31907505126145    1.338656341552333    10.0    -1    -1    E_RT    U
101    52    37    118.06777714516353    0.3938317125548353    10.0    -1    -1    E_RT    U
102    53    23    272.8681000043794    0.9101900088639968    10.0    -1    -1    E_RT    U
103    53    8    302.9075766632456    1.010390917383404    10.0    -1    -1    E_RT    U
104    54    2    291.6659047609096    0.972892736217232    10.0    -1    -1    E_RT    U
105    54    46    246.44066222926767    0.8220375651653908    10.0    -1    -1    E_RT    U
106    55    48    54.45181356024793    0.18163169922122566    10.0    -1    -1    E_RT    U
107    55    34    441.45781225390044    1.47254475712628    10.0    -1    -1    E_RT    U
108    56    36    221.7746604100658    0.7397606393756103    10.0    -1    -1    E_RT    U
109    56    28    33.52610922848042    0.11183106290312488    10.0    -1    -1    E_RT    U
110    57    36    288.5342267392207    0.962446582759666    10.0    -1    -1    E_RT    U
111    57    16    170.74249617479535    0.5695356624841955    10.0    -1    -1    E_RT    U
112    58    37    146.74126890551273    0.48947618590696074    10.0    -1    -1    E_RT    U
113    58    8    516.2712465361595    1.7220955122765613    10.0    -1    -1    E_RT    U
114    59    42    41.182520563948    0.13737010209892606    10.0    -1    -1    E_RT    U
115    59    12    247.40654801358835    0.8252594133425075    10.0    -1    -1    E_RT    U
116    60    45    350.76630396889607    1.170030448093848    10.0    -1    -1    E_RT    U
117    60    31    365.40388613149696    1.2188561665934137    10.0    -1    -1    E_RT    U
118    61    19    297.6071235706565    0.9927105089837066    10.0    -1    -1    E_RT    U
119    61    26    448.23208274285764    1.4951412911890454    10.0    -1    -1    E_RT    U
120    62    47    458.1178887579048    1.5281167905761817    10.0    -1    -1    E_RT    U
121    62    52    181.76083186429358    0.6062888742327653    10.0    -1    -1    E_RT    U
122    63    42    394.2296285161733    1.3150084933630095    10.0    -1    -1    E_RT    U
123    63    33    407.6199210048498    1.3596737013472493    10.0    -1    -1    E_RT    U
124    64    8    859.0145516811691    2.865364116935754    10.0    -1    -1    E_RT    U
125    64    16    613.9128602660153    2.0477928776514296    10.0    -1    -1    E_RT    U
126    65    21    362.46379129507545    1.2090490658543367    10.0    -1    -1    E_RT    U
127    65    39    215.72667892497674    0.7195867446571212    10.0    -1    -1    E_RT    U
128    66    47    49.92995093127971    0.16654838905680447    10.0    -1    -1    E_RT    U
129    66    64    414.90360326225175    1.3839694501662605    10.0    -1    -1    E_RT    U
130    67    38    25.45584412271571    0.08491155612298863    10.0    -1    -1    E_RT    U
131    67    54    181.64801127455263    0.6059125452533988    10.0    -1    -1    E_RT    U
132    68    54    395.62229461950193    1.319653927449709    10.0    -1    -1    E_RT    U
133    68    63    327.365239449762    1.0919728989638624    10.0    -1    -1    E_RT    U
134    69    10    144.25324953012324    0.4811770465890881    10.0    -1    -1    E_RT    U
135    69    63    281.4480413859723    0.9388096127020391    10.0    -1    -1    E_RT    U
136    70    65    331.71674663785063    1.106487964543293    10.0    -1    -1    E_RT    U
137    70    15    491.40716315495445    1.6391578575167305    10.0    -1    -1    E_RT    U
138    71    61    127.01181047445942    0.42366579640392227    10.0    -1    -1    E_RT    U
139    71    51    87.46427842267951    0.29174942894220346    10.0    -1    -1    E_RT    U
140    72    19    200.0024999843752    0.6671365294465652    10.0    -1    -1    E_RT    U
141    72    36    105.53672346628922    0.35203261673210345    10.0    -1    -1    E_RT    U
142    73    56    273.3093485411723    0.9116618555533252    10.0    -1    -1    E_RT    U
143    73    72    104.01922899156675    0.3469708000178135    10.0    -1    -1    E_RT    U
144    74    0    313.1980204279714    1.0447161430190863    10.0    -1    -1    E_RT    U
145    74    1    302.3673262771624    1.0085888360712612    10.0    -1    -1    E_RT    U
146    75    58    113.77170122662314    0.37950154578813033    10.0    -1    -1    E_RT    U
147    75    43    166.0873264279969    0.5540076876383492    10.0    -1    -1    E_RT    U
148    76    46    230.36058690670154    0.7684002074084917    10.0    -1    -1    E_RT    U
149    76    11    594.0412443593458    1.9815083018510953    10.0    -1    -1    E_RT    U
150    77    30    558.8282383702527    1.864050357031506    10.0    -1    -1    E_RT    U
151    77    49    399.89123521277634    1.3338935805142116    10.0    -1    -1    E_RT    U
152    78    4    44.82186966202994    0.14950966398904517    10.0    -1    -1    E_RT    U
153    78    54    555.6302727533841    1.8533830919568501    10.0    -1    -1    E_RT    U
154    79    29    58.18934610390462    0.1940987658332106    10.0    -1    -1    E_RT    U
155    79    15    455.7630963559906    1.520262048606942    10.0    -1    -1    E_RT    U
156    80    43    193.3959668659096    0.6450995070259893    10.0    -1    -1    E_RT    U
157    80    69    712.4556126524656    2.3764961180326476    10.0    -1    -1    E_RT    U
158    81    26    230.20860105565126    0.7678932371796066    10.0    -1    -1    E_RT    U
159    81    28    283.0070670495703    0.9440099625507268    10.0    -1    -1    E_RT    U
160    82    72    274.5268657162719    0.9157230557023284    10.0    -1    -1    E_RT    U
161    82    41    308.4234102658227    1.0287897578324758    10.0    -1    -1    E_RT    U
162    83    63    405.2468383590426    1.3517579496914582    10.0    -1    -1    E_RT    U
163    83    29    852.3667051216864    2.8431892877094542    10.0    -1    -1    E_RT    U
164    84    44    394.0279177926356    1.3143356588131234    10.0    -1    -1    E_RT    U
165    84    71    247.92337525937324    0.8269833634686475    10.0    -1    -1    E_RT    U
166    85    30    180.49930747789588    0.6020808818275738    10.0    -1    -1    E_RT    U
167    85    67    869.5176823963961    2.9003987898734804    10.0    -1    -1    E_RT    U
168    86    3    258.3060200614767    0.8616161386604219    10.0    -1    -1    E_RT    U
169    86    67    871.8767114678543    2.908267663851151    10.0    -1    -1    E_RT    U
170    87    72    181.1573901335521    0.6042760092835695    10.0    -1    -1    E_RT    U
171    87    14    488.5171440185083    1.6295177913331906    10.0    -1    -1    E_RT    U
172    88    3    296.56196654325043    0.9892242404018398    10.0    -1    -1    E_RT    U
173    88    45    364.9465714320385    1.217330728953957    10.0    -1    -1    E_RT    U
174    89    47    664.6036412780177    2.216879122682992    10.0    -1    -1    E_RT    U
175    89    84    495.6621833466822    1.653351077119766    10.0    -1    -1    E_RT    U
176    90    21    248.90158697766472    0.8302463265358887    10.0    -1    -1    E_RT    U
177    90    78    454.7933596700814    1.5170273552047844    10.0    -1    -1    E_RT    U
178    91    70    361.47060738046184    1.2057361609159023    10.0    -1    -1    E_RT    U
179    91    51    161.6168308066954    0.5390957193682818    10.0    -1    -1    E_RT    U
180    92    11    107.91200118615167    0.3599556903668059    10.0    -1    -1    E_RT    U
181    92    52    302.98844862469593    1.0106606772098847    10.0    -1    -1    E_RT    U
182    93    16    317.7168550769694    1.059789352929517    10.0    -1    -1    E_RT    U
183    93    72    448.6256791580259    1.4964541875100335    10.0    -1    -1    E_RT    U
184    94    2    351.67314370022626    1.1730553398385568    10.0    -1    -1    E_RT    U
185    94    64    366.23080154459973    1.2216144595091838    10.0    -1    -1    E_RT    U
186    95    54    528.6378722717471    1.763346135518016    10.0    -1    -1    E_RT    U
187    95    37    647.1483601153602    2.15865457200848    10.0    -1    -1    E_RT    U
188    96    26    276.06520968785617    0.9208544188521787    10.0    -1    -1    E_RT    U
189    96    87    547.4751135896498    1.8261804090803706    10.0    -1    -1    E_RT    U
190    97    83    241.03319273494262    0.8040001884735293    10.0    -1    -1    E_RT    U
191    97    13    248.65236777477105    0.8294150207566965    10.0    -1    -1    E_RT    U
192    98    55    384.66868861398115    1.283116630685823    10.0    -1    -1    E_RT    U
193    98    58    525.3237097257271    1.7522912792079883    10.0    -1    -1    E_RT    U
194    99    57    402.4425424827748    1.3424038255251065    10.0    -1    -1    E_RT    U
195    99    13    455.14063760556473    1.5181857497081022    10.0    -1    -1    E_RT    U
196    0    40    591.6924876994806    1.9736736929502094    10.0    -1    -1    E_RT    U
197    0    92    715.8191112285282    2.3877155416248934    10.0    -1    -1    E_RT    U
198    1    73    535.302718095098    1.7855776681850282    10.0    -1    -1    E_RT    U
199    1    70    163.63679292872982    0.5458335877439913    10.0    -1    -1    E_RT    U

