#The topology generated with brite for experiment

Topology: ( 200 Nodes, 400 Edges )
Model (1 - RTWaxman):  200 1000 100 1  2  0.15000000596046448 0.20000000298023224 1 1 10.0 1024.0 

Nodes: ( 200 )
0	479	81	10	10	-1	RT_NODE
1	553	98	13	13	-1	RT_NODE
2	405	820	9	9	-1	RT_NODE
3	947	719	8	8	-1	RT_NODE
4	925	513	7	7	-1	RT_NODE
5	841	220	7	7	-1	RT_NODE
6	686	145	8	8	-1	RT_NODE
7	257	797	4	4	-1	RT_NODE
8	257	368	6	6	-1	RT_NODE
9	346	558	13	13	-1	RT_NODE
10	739	108	10	10	-1	RT_NODE
11	302	921	4	4	-1	RT_NODE
12	819	525	10	10	-1	RT_NODE
13	458	553	11	11	-1	RT_NODE
14	307	46	10	10	-1	RT_NODE
15	464	467	13	13	-1	RT_NODE
16	643	221	7	7	-1	RT_NODE
17	931	89	4	4	-1	RT_NODE
18	631	854	12	12	-1	RT_NODE
19	283	527	4	4	-1	RT_NODE
20	861	193	8	8	-1	RT_NODE
21	864	797	6	6	-1	RT_NODE
22	919	942	4	4	-1	RT_NODE
23	531	465	6	6	-1	RT_NODE
24	483	549	9	9	-1	RT_NODE
25	71	31	5	5	-1	RT_NODE
26	841	499	6	6	-1	RT_NODE
27	764	374	4	4	-1	RT_NODE
28	195	320	7	7	-1	RT_NODE
29	356	771	6	6	-1	RT_NODE
30	360	641	7	7	-1	RT_NODE
31	492	306	9	9	-1	RT_NODE
32	109	903	4	4	-1	RT_NODE
33	412	974	5	5	-1	RT_NODE
34	455	267	9	9	-1	RT_NODE
35	310	438	4	4	-1	RT_NODE
36	652	856	9	9	-1	RT_NODE
37	337	152	4	4	-1	RT_NODE
38	520	713	3	3	-1	RT_NODE
39	611	565	3	3	-1	RT_NODE
40	999	747	5	5	-1	RT_NODE
41	12	184	4	4	-1	RT_NODE
42	506	536	8	8	-1	RT_NODE
43	743	553	6	6	-1	RT_NODE
44	741	14	2	2	-1	RT_NODE
45	821	641	4	4	-1	RT_NODE
46	99	5	4	4	-1	RT_NODE
47	732	663	8	8	-1	RT_NODE
48	713	43	7	7	-1	RT_NODE
49	452	143	8	8	-1	RT_NODE
50	485	133	4	4	-1	RT_NODE
51	911	876	5	5	-1	RT_NODE
52	147	931	4	4	-1	RT_NODE
53	775	504	4	4	-1	RT_NODE
54	508	338	7	7	-1	RT_NODE
55	99	627	5	5	-1	RT_NODE
56	591	623	4	4	-1	RT_NODE
57	24	710	5	5	-1	RT_NODE
58	257	52	7	7	-1	RT_NODE
59	166	581	2	2	-1	RT_NODE
60	257	394	5	5	-1	RT_NODE
61	785	969	6	6	-1	RT_NODE
62	410	876	4	4	-1	RT_NODE
63	119	351	4	4	-1	RT_NODE
64	727	876	6	6	-1	RT_NODE
65	509	383	4	4	-1	RT_NODE
66	855	100	8	8	-1	RT_NODE
67	51	301	3	3	-1	RT_NODE
68	201	97	2	2	-1	RT_NODE
69	562	986	3	3	-1	RT_NODE
70	411	674	5	5	-1	RT_NODE
71	590	835	5	5	-1	RT_NODE
72	702	222	3	3	-1	RT_NODE
73	30	184	3	3	-1	RT_NODE
74	687	970	3	3	-1	RT_NODE
75	689	800	3	3	-1	RT_NODE
76	918	968	2	2	-1	RT_NODE
77	776	858	2	2	-1	RT_NODE
78	390	898	3	3	-1	RT_NODE
79	884	921	4	4	-1	RT_NODE
80	604	898	2	2	-1	RT_NODE
81	490	653	3	3	-1	RT_NODE
82	622	236	4	4	-1	RT_NODE
83	383	388	3	3	-1	RT_NODE
84	733	36	2	2	-1	RT_NODE
85	717	225	2	2	-1	RT_NODE
86	978	222	4	4	-1	RT_NODE
87	587	12	2	2	-1	RT_NODE
88	798	538	5	5	-1	RT_NODE
89	95	455	7	7	-1	RT_NODE
90	483	777	2	2	-1	RT_NODE
91	925	574	3	3	-1	RT_NODE
92	963	348	2	2	-1	RT_NODE
93	304	918	4	4	-1	RT_NODE
94	682	904	5	5	-1	RT_NODE
95	96	280	4	4	-1	RT_NODE
96	978	59	2	2	-1	RT_NODE
97	453	104	5	5	-1	RT_NODE
98	424	127	3	3	-1	RT_NODE
99	104	453	4	4	-1	RT_NODE
100	35	443	4	4	-1	RT_NODE
101	903	177	3	3	-1	RT_NODE
102	146	32	2	2	-1	RT_NODE
103	673	864	2	2	-1	RT_NODE
104	989	339	3	3	-1	RT_NODE
105	756	292	5	5	-1	RT_NODE
106	708	248	6	6	-1	RT_NODE
107	931	340	3	3	-1	RT_NODE
108	628	873	3	3	-1	RT_NODE
109	500	725	2	2	-1	RT_NODE
110	70	452	2	2	-1	RT_NODE
111	456	554	3	3	-1	RT_NODE
112	908	207	6	6	-1	RT_NODE
113	554	346	4	4	-1	RT_NODE
114	379	229	4	4	-1	RT_NODE
115	62	130	2	2	-1	RT_NODE
116	333	276	3	3	-1	RT_NODE
117	691	213	2	2	-1	RT_NODE
118	256	866	3	3	-1	RT_NODE
119	927	465	2	2	-1	RT_NODE
120	907	225	4	4	-1	RT_NODE
121	592	281	2	2	-1	RT_NODE
122	327	416	4	4	-1	RT_NODE
123	936	909	6	6	-1	RT_NODE
124	332	496	3	3	-1	RT_NODE
125	5	525	2	2	-1	RT_NODE
126	318	612	2	2	-1	RT_NODE
127	340	201	2	2	-1	RT_NODE
128	376	777	3	3	-1	RT_NODE
129	251	976	2	2	-1	RT_NODE
130	245	462	2	2	-1	RT_NODE
131	112	296	4	4	-1	RT_NODE
132	596	263	3	3	-1	RT_NODE
133	72	446	5	5	-1	RT_NODE
134	518	613	2	2	-1	RT_NODE
135	597	0	4	4	-1	RT_NODE
136	823	952	2	2	-1	RT_NODE
137	52	965	3	3	-1	RT_NODE
138	987	803	2	2	-1	RT_NODE
139	323	22	2	2	-1	RT_NODE
140	107	911	2	2	-1	RT_NODE
141	104	195	3	3	-1	RT_NODE
142	261	4	2	2	-1	RT_NODE
143	94	377	2	2	-1	RT_NODE
144	35	736	2	2	-1	RT_NODE
145	755	338	2	2	-1	RT_NODE
146	816	63	2	2	-1	RT_NODE
147	724	252	3	3	-1	RT_NODE
148	595	658	3	3	-1	RT_NODE
149	224	319	3	3	-1	RT_NODE
150	726	943	2	2	-1	RT_NODE
151	14	750	2	2	-1	RT_NODE
152	20	997	2	2	-1	RT_NODE
153	531	250	2	2	-1	RT_NODE
154	44	885	3	3	-1	RT_NODE
155	861	144	2	2	-1	RT_NODE
156	291	931	2	2	-1	RT_NODE
157	116	452	2	2	-1	RT_NODE
158	145	81	4	4	-1	RT_NODE
159	580	551	5	5	-1	RT_NODE
160	206	776	3	3	-1	RT_NODE
161	724	554	2	2	-1	RT_NODE
162	578	682	3	3	-1	RT_NODE
163	836	145	4	4	-1	RT_NODE
164	212	243	3	3	-1	RT_NODE
165	518	436	3	3	-1	RT_NODE
166	227	226	2	2	-1	RT_NODE
167	766	335	2	2	-1	RT_NODE
168	418	375	2	2	-1	RT_NODE
169	690	39	2	2	-1	RT_NODE
170	843	822	2	2	-1	RT_NODE
171	185	524	2	2	-1	RT_NODE
172	453	121	2	2	-1	RT_NODE
173	32	307	2	2	-1	RT_NODE
174	222	667	3	3	-1	RT_NODE
175	965	366	2	2	-1	RT_NODE
176	122	752	2	2	-1	RT_NODE
177	219	787	2	2	-1	RT_NODE
178	615	731	2	2	-1	RT_NODE
179	963	647	2	2	-1	RT_NODE
180	4	585	2	2	-1	RT_NODE
181	785	645	2	2	-1	RT_NODE
182	135	687	3	3	-1	RT_NODE
183	112	201	3	3	-1	RT_NODE
184	441	708	3	3	-1	RT_NODE
185	39	136	2	2	-1	RT_NODE
186	242	428	2	2	-1	RT_NODE
187	531	490	2	2	-1	RT_NODE
188	585	676	2	2	-1	RT_NODE
189	402	779	2	2	-1	RT_NODE
190	584	742	2	2	-1	RT_NODE
191	769	756	2	2	-1	RT_NODE
192	431	380	2	2	-1	RT_NODE
193	903	765	2	2	-1	RT_NODE
194	759	982	2	2	-1	RT_NODE
195	555	883	2	2	-1	RT_NODE
196	5	540	2	2	-1	RT_NODE
197	828	370	2	2	-1	RT_NODE
198	796	820	2	2	-1	RT_NODE
199	656	362	2	2	-1	RT_NODE


Edges: ( 400 )
0	2	0	742.6957654383119	2.477366410059295	10.0	-1	-1	E_RT	U
1	2	1	737.012889982258	2.4584103779630704	10.0	-1	-1	E_RT	U
2	3	2	551.3302095840568	1.8390396251531342	10.0	-1	-1	E_RT	U
3	3	0	791.2445892390039	2.639307854899418	10.0	-1	-1	E_RT	U
4	4	3	207.17142660125697	0.6910494946515865	10.0	-1	-1	E_RT	U
5	4	1	557.3230660936258	1.8590296427458017	10.0	-1	-1	E_RT	U
6	5	1	312.7746792820672	1.0433040289561495	10.0	-1	-1	E_RT	U
7	5	3	510.13429604369867	1.7016248488936259	10.0	-1	-1	E_RT	U
8	6	1	141.06027080648894	0.47052641599972783	10.0	-1	-1	E_RT	U
9	6	4	438.79949863234805	1.4636775773470194	10.0	-1	-1	E_RT	U
10	7	3	694.3947004406068	2.3162513996286287	10.0	-1	-1	E_RT	U
11	7	2	149.77650015940418	0.49960062757617535	10.0	-1	-1	E_RT	U
12	8	6	483.49767321053366	1.6127746389488347	10.0	-1	-1	E_RT	U
13	8	7	429.0	1.4309899684000722	10.0	-1	-1	E_RT	U
14	9	2	268.5609800399157	0.8958230031254345	10.0	-1	-1	E_RT	U
15	9	0	495.1949111208636	1.651792424747602	10.0	-1	-1	E_RT	U
16	10	6	64.63745044476924	0.21560732673524843	10.0	-1	-1	E_RT	U
17	10	5	151.4859729479928	0.5053028150160895	10.0	-1	-1	E_RT	U
18	11	9	365.65694304908254	1.2197002736108942	10.0	-1	-1	E_RT	U
19	11	2	144.25671561490648	0.4811886082034342	10.0	-1	-1	E_RT	U
20	12	4	106.6770828247567	0.35583644610818294	10.0	-1	-1	E_RT	U
21	12	9	474.1497653695507	1.5815933747391027	10.0	-1	-1	E_RT	U
22	13	9	112.11155159036913	0.37396388267502423	10.0	-1	-1	E_RT	U
23	13	1	464.81178986768396	1.5504452412464758	10.0	-1	-1	E_RT	U
24	14	1	251.4358765172544	0.8386998065083225	10.0	-1	-1	E_RT	U
25	14	6	391.71673438851195	1.3066263808027885	10.0	-1	-1	E_RT	U
26	15	9	149.01342221424215	0.497055273532739	10.0	-1	-1	E_RT	U
27	15	13	86.20904824900923	0.287562431770746	10.0	-1	-1	E_RT	U
28	16	10	148.27339613025663	0.4945868122214623	10.0	-1	-1	E_RT	U
29	16	12	351.2719744016024	1.1717171830973894	10.0	-1	-1	E_RT	U
30	17	1	378.1071276768001	1.2612296193148398	10.0	-1	-1	E_RT	U
31	17	0	452.07079091664394	1.507945843376233	10.0	-1	-1	E_RT	U
32	18	13	347.17430780517157	1.158048838590768	10.0	-1	-1	E_RT	U
33	18	12	378.92611417003184	1.2639614642007833	10.0	-1	-1	E_RT	U
34	19	14	481.59838039594774	1.6064392800566976	10.0	-1	-1	E_RT	U
35	19	15	190.68560512005095	0.636058713391819	10.0	-1	-1	E_RT	U
36	20	12	334.64608170423867	1.1162591745528123	10.0	-1	-1	E_RT	U
37	20	17	125.36347155371855	0.41816752959715403	10.0	-1	-1	E_RT	U
38	21	3	113.89907813498755	0.3799264294200074	10.0	-1	-1	E_RT	U
39	21	9	570.4778698599973	1.9029093449041912	10.0	-1	-1	E_RT	U
40	22	5	726.20107408348	2.422346042085822	10.0	-1	-1	E_RT	U
41	22	4	429.0419559903204	1.4311299185195658	10.0	-1	-1	E_RT	U
42	23	2	376.6974913640918	1.2565275787027697	10.0	-1	-1	E_RT	U
43	23	15	67.02984409947557	0.2235874929831476	10.0	-1	-1	E_RT	U
44	24	20	519.2494583531118	1.7320297575768628	10.0	-1	-1	E_RT	U
45	24	12	336.8560523428368	1.123630843117597	10.0	-1	-1	E_RT	U
46	25	14	236.47621444872632	0.7887997450847357	10.0	-1	-1	E_RT	U
47	25	1	486.6343596582551	1.6232374987173797	10.0	-1	-1	E_RT	U
48	26	6	386.4466327968197	1.2890472141124367	10.0	-1	-1	E_RT	U
49	26	24	361.4747570716384	1.2057500027957289	10.0	-1	-1	E_RT	U
50	27	15	314.08438356594553	1.0476727322004395	10.0	-1	-1	E_RT	U
51	27	6	241.91940806805889	0.8069562846309458	10.0	-1	-1	E_RT	U
52	28	5	653.6941180705238	2.1804888703054828	10.0	-1	-1	E_RT	U
53	28	8	78.40918313565064	0.26154488227869505	10.0	-1	-1	E_RT	U
54	29	19	254.68608128439215	0.8495413226319127	10.0	-1	-1	E_RT	U
55	29	18	287.2525021649072	0.9581712097804247	10.0	-1	-1	E_RT	U
56	30	4	579.3177021289786	1.9323958514292532	10.0	-1	-1	E_RT	U
57	30	25	674.997037030534	2.251547759185236	10.0	-1	-1	E_RT	U
58	31	5	359.43984197637303	1.198962256670156	10.0	-1	-1	E_RT	U
59	31	10	316.56436944166666	1.0559450746478307	10.0	-1	-1	E_RT	U
60	32	19	414.3090633814327	1.3819862785922141	10.0	-1	-1	E_RT	U
61	32	11	193.83756085960223	0.6465725060354995	10.0	-1	-1	E_RT	U
62	33	3	592.663479556485	1.976912573152474	10.0	-1	-1	E_RT	U
63	33	18	249.7218452598811	0.8329824136532517	10.0	-1	-1	E_RT	U
64	34	14	265.9793225045887	0.8872115205266062	10.0	-1	-1	E_RT	U
65	34	0	187.5419952970534	0.625572759729177	10.0	-1	-1	E_RT	U
66	35	8	87.80091115700337	0.29287231487659166	10.0	-1	-1	E_RT	U
67	35	17	712.3496332560297	2.37614260881783	10.0	-1	-1	E_RT	U
68	36	18	21.095023109728988	0.07036542296780858	10.0	-1	-1	E_RT	U
69	36	31	572.8001396647875	1.9106556031665998	10.0	-1	-1	E_RT	U
70	37	14	110.16351483136329	0.367465931485719	10.0	-1	-1	E_RT	U
71	37	28	219.97272558205938	0.7337500317705103	10.0	-1	-1	E_RT	U
72	38	15	252.29347989989753	0.8415604634720248	10.0	-1	-1	E_RT	U
73	38	13	171.5925406304132	0.5723711055813593	10.0	-1	-1	E_RT	U
74	39	35	326.6955769519998	1.0897391453123206	10.0	-1	-1	E_RT	U
75	39	30	262.25369396826426	0.8747841614089713	10.0	-1	-1	E_RT	U
76	40	9	679.8014415989422	2.267573527813506	10.0	-1	-1	E_RT	U
77	40	22	210.77238908357992	0.703061012574172	10.0	-1	-1	E_RT	U
78	41	24	595.8741477862586	1.9876222095829328	10.0	-1	-1	E_RT	U
79	41	25	163.98170629676957	0.5469840948993105	10.0	-1	-1	E_RT	U
80	42	34	273.7918917718346	0.9132714465146239	10.0	-1	-1	E_RT	U
81	42	12	313.1932310890515	1.0447001675040521	10.0	-1	-1	E_RT	U
82	43	5	347.1210163617294	1.157871077469632	10.0	-1	-1	E_RT	U
83	43	1	493.0770730829005	1.6447280774585078	10.0	-1	-1	E_RT	U
84	44	34	381.8442090696152	1.273695181049602	10.0	-1	-1	E_RT	U
85	44	16	229.0261993746567	0.7639491697107894	10.0	-1	-1	E_RT	U
86	45	13	373.51439061969216	1.2459098975054674	10.0	-1	-1	E_RT	U
87	45	30	461.0	1.537730478863481	10.0	-1	-1	E_RT	U
88	46	10	648.2352967865912	2.1622802024812486	10.0	-1	-1	E_RT	U
89	46	14	212.00235847744713	0.7071637488540393	10.0	-1	-1	E_RT	U
90	47	36	208.92343095019285	0.6968935521059467	10.0	-1	-1	E_RT	U
91	47	16	450.8713785549045	1.503945034384102	10.0	-1	-1	E_RT	U
92	48	10	70.00714249274856	0.23351869143001774	10.0	-1	-1	E_RT	U
93	48	31	343.5258360007293	1.1458788466277205	10.0	-1	-1	E_RT	U
94	49	12	529.7291760890654	1.7669863332221165	10.0	-1	-1	E_RT	U
95	49	14	174.45343218177166	0.5819140125992485	10.0	-1	-1	E_RT	U
96	50	42	403.54677547962143	1.3460871503299172	10.0	-1	-1	E_RT	U
97	50	13	420.8669623527131	1.4038610749597744	10.0	-1	-1	E_RT	U
98	51	36	259.77105304479176	0.8665029626755713	10.0	-1	-1	E_RT	U
99	51	40	156.1569723067145	0.5208835917637211	10.0	-1	-1	E_RT	U
100	52	32	47.20169488482379	0.15744790646075488	10.0	-1	-1	E_RT	U
101	52	18	490.0867270188002	1.6347533566664982	10.0	-1	-1	E_RT	U
102	53	37	561.9145842563619	1.874345298761191	10.0	-1	-1	E_RT	U
103	53	24	295.447118787779	0.9855055085734646	10.0	-1	-1	E_RT	U
104	54	38	375.1919508731497	1.2515056361863168	10.0	-1	-1	E_RT	U
105	54	6	262.5509474368737	0.8757756922519835	10.0	-1	-1	E_RT	U
106	55	34	506.2963559023509	1.6888228585868925	10.0	-1	-1	E_RT	U
107	55	48	847.3794899571266	2.826553728570205	10.0	-1	-1	E_RT	U
108	56	18	234.43762496664223	0.7819997425240172	10.0	-1	-1	E_RT	U
109	56	54	296.84002425549016	0.9901517410938009	10.0	-1	-1	E_RT	U
110	57	32	210.8885961829136	0.7034486377336204	10.0	-1	-1	E_RT	U
111	57	9	356.07302621793747	1.1877317681485418	10.0	-1	-1	E_RT	U
112	58	54	380.5220098759072	1.2692847992723926	10.0	-1	-1	E_RT	U
113	58	10	485.24220756236775	1.618593779174951	10.0	-1	-1	E_RT	U
114	59	34	426.7516842380355	1.423490394271478	10.0	-1	-1	E_RT	U
115	59	15	319.06112267087633	1.0642733469661745	10.0	-1	-1	E_RT	U
116	60	47	545.8809393997925	1.8208628163680907	10.0	-1	-1	E_RT	U
117	60	41	322.6840560052511	1.076358151762614	10.0	-1	-1	E_RT	U
118	61	3	297.89931184881914	0.993685144170035	10.0	-1	-1	E_RT	U
119	61	55	766.5246245229177	2.556850928260903	10.0	-1	-1	E_RT	U
120	62	33	98.02040603874276	0.3269608805126871	10.0	-1	-1	E_RT	U
121	62	30	240.26027553467927	0.80142201420784	10.0	-1	-1	E_RT	U
122	63	42	428.94521794746703	1.4308072351422096	10.0	-1	-1	E_RT	U
123	63	40	964.9953367762976	3.218877963822217	10.0	-1	-1	E_RT	U
124	64	60	673.2191322296181	2.245617307122577	10.0	-1	-1	E_RT	U
125	64	45	253.10274593532168	0.8442598844008333	10.0	-1	-1	E_RT	U
126	65	37	288.00173610587836	0.9606703851965427	10.0	-1	-1	E_RT	U
127	65	54	45.0111097397076	0.15014090094190294	10.0	-1	-1	E_RT	U
128	66	13	602.3437556744487	2.0092024985980426	10.0	-1	-1	E_RT	U
129	66	49	405.28755223914783	1.3518937565772513	10.0	-1	-1	E_RT	U
130	67	15	445.1123453691214	1.4847349674457833	10.0	-1	-1	E_RT	U
131	67	1	541.4914588430736	1.8062210852651723	10.0	-1	-1	E_RT	U
132	68	14	117.63077828527702	0.3923740412618286	10.0	-1	-1	E_RT	U
133	68	50	286.27259736132623	0.9549025991885567	10.0	-1	-1	E_RT	U
134	69	64	198.3053201505194	0.6614753468898787	10.0	-1	-1	E_RT	U
135	69	61	223.64704335179573	0.7460062365938364	10.0	-1	-1	E_RT	U
136	70	29	111.50784725749125	0.37195014177938807	10.0	-1	-1	E_RT	U
137	70	58	640.7807737440318	2.1374145901429973	10.0	-1	-1	E_RT	U
138	71	23	374.67452542173186	1.24977969066097	10.0	-1	-1	E_RT	U
139	71	18	45.18849411078001	0.15073259151429358	10.0	-1	-1	E_RT	U
140	72	70	537.5732508226205	1.7931513501337666	10.0	-1	-1	E_RT	U
141	72	23	297.1363323459452	0.9911401184947263	10.0	-1	-1	E_RT	U
142	73	28	213.82469455140114	0.7132424076905935	10.0	-1	-1	E_RT	U
143	73	61	1089.1510455395983	3.633016830395374	10.0	-1	-1	E_RT	U
144	74	20	796.2443092418306	2.655985125689288	10.0	-1	-1	E_RT	U
145	74	21	247.50353532828578	0.8255829282012351	10.0	-1	-1	E_RT	U
146	75	21	175.025712396779	0.5838229339204357	10.0	-1	-1	E_RT	U
147	75	30	365.40662281901785	1.2188652952003811	10.0	-1	-1	E_RT	U
148	76	65	713.7968898783463	2.3809701372752556	10.0	-1	-1	E_RT	U
149	76	62	516.2634986128692	1.7220696679863412	10.0	-1	-1	E_RT	U
150	77	24	425.8286040180955	1.420411330087882	10.0	-1	-1	E_RT	U
151	77	36	124.01612798341996	0.41367327520767705	10.0	-1	-1	E_RT	U
152	78	31	600.7228978489167	2.003795898857858	10.0	-1	-1	E_RT	U
153	78	52	245.2305038122297	0.8180009111911337	10.0	-1	-1	E_RT	U
154	79	31	729.3072055039632	2.4327069812542224	10.0	-1	-1	E_RT	U
155	79	75	229.49074055394914	0.765498712292319	10.0	-1	-1	E_RT	U
156	80	21	278.9283062007153	0.9304046808299471	10.0	-1	-1	E_RT	U
157	80	78	214.0	0.7138271637240454	10.0	-1	-1	E_RT	U
158	81	71	207.66318884193223	0.6926898369202211	10.0	-1	-1	E_RT	U
159	81	31	347.00576364089403	1.1574866357741864	10.0	-1	-1	E_RT	U
160	82	66	269.7869529832753	0.8999124086813262	10.0	-1	-1	E_RT	U
161	82	48	213.37759957408838	0.7117510593748438	10.0	-1	-1	E_RT	U
162	83	34	140.80127840328723	0.4696625103333561	10.0	-1	-1	E_RT	U
163	83	30	254.043303395307	0.847397246382052	10.0	-1	-1	E_RT	U
164	84	48	21.18962010041709	0.07068096456388204	10.0	-1	-1	E_RT	U
165	84	82	228.7378412069153	0.7629873103976329	10.0	-1	-1	E_RT	U
166	85	4	355.2576529787923	1.1850119757808995	10.0	-1	-1	E_RT	U
167	85	26	300.7523898491914	1.003201987987274	10.0	-1	-1	E_RT	U
168	86	49	531.8994265836353	1.7742255096478623	10.0	-1	-1	E_RT	U
169	86	20	120.5404496424333	0.40207966019756675	10.0	-1	-1	E_RT	U
170	87	49	188.1116689628796	0.6274729865381723	10.0	-1	-1	E_RT	U
171	87	10	179.77764043395385	0.5996736596821053	10.0	-1	-1	E_RT	U
172	88	18	357.4143253984093	1.1922058606237829	10.0	-1	-1	E_RT	U
173	88	12	24.698178070456937	0.08238425421114809	10.0	-1	-1	E_RT	U
174	89	52	478.8319120526534	1.5972113349584447	10.0	-1	-1	E_RT	U
175	89	15	369.1950703896248	1.2315021960613324	10.0	-1	-1	E_RT	U
176	90	40	516.8713573027625	1.724097266325367	10.0	-1	-1	E_RT	U
177	90	88	395.4061203370529	1.318932847660407	10.0	-1	-1	E_RT	U
178	91	45	123.71337841963576	0.4126634113645239	10.0	-1	-1	E_RT	U
179	91	43	183.20753259623362	0.6111145484394861	10.0	-1	-1	E_RT	U
180	92	41	965.0373049784138	3.219017954675877	10.0	-1	-1	E_RT	U
181	92	28	768.5102471665554	2.5634742524662024	10.0	-1	-1	E_RT	U
182	93	69	266.8107943843352	0.8899850121791096	10.0	-1	-1	E_RT	U
183	93	16	775.067738975117	2.585347690685124	10.0	-1	-1	E_RT	U
184	94	62	273.4373785714016	0.9120889177652415	10.0	-1	-1	E_RT	U
185	94	71	115.0	0.38359870947787483	10.0	-1	-1	E_RT	U
186	95	46	275.0163631495406	0.9173558433866291	10.0	-1	-1	E_RT	U
187	95	9	373.8769851167627	1.2471193825588591	10.0	-1	-1	E_RT	U
188	96	0	499.484734501466	1.666101735292707	10.0	-1	-1	E_RT	U
189	96	49	532.6649979114453	1.7767791807205682	10.0	-1	-1	E_RT	U
190	97	58	202.78066969018522	0.6764035060888197	10.0	-1	-1	E_RT	U
191	97	0	34.713109915419565	0.11579047100450927	10.0	-1	-1	E_RT	U
192	98	89	464.5696933722647	1.549637694262024	10.0	-1	-1	E_RT	U
193	98	1	132.21951444472938	0.44103682703295155	10.0	-1	-1	E_RT	U
194	99	89	9.219544457292887	0.030753090050360393	10.0	-1	-1	E_RT	U
195	99	57	269.1635190734435	0.8978328570008374	10.0	-1	-1	E_RT	U
196	100	56	584.410814410548	1.949384645328696	10.0	-1	-1	E_RT	U
197	100	89	61.18823416311342	0.20410197965391585	10.0	-1	-1	E_RT	U
198	101	23	470.4550988139038	1.5692692936721704	10.0	-1	-1	E_RT	U
199	101	98	481.602533215929	1.606453132373093	10.0	-1	-1	E_RT	U
200	102	46	54.20332093147061	0.1808028170324105	10.0	-1	-1	E_RT	U
201	102	58	112.78741064498288	0.3762183058153614	10.0	-1	-1	E_RT	U
202	103	12	369.10296666377525	1.2311949711015588	10.0	-1	-1	E_RT	U
203	103	97	791.2016177940993	2.6391645175880285	10.0	-1	-1	E_RT	U
204	104	18	627.2073022534097	2.092138362778325	10.0	-1	-1	E_RT	U
205	104	21	474.75151395229904	1.5836005919545149	10.0	-1	-1	E_RT	U
206	105	97	356.5851931867054	1.1894401732638165	10.0	-1	-1	E_RT	U
207	105	31	264.3709515056448	0.8818465723565495	10.0	-1	-1	E_RT	U
208	106	86	271.2489631316588	0.9047891496044866	10.0	-1	-1	E_RT	U
209	106	60	474.0432469722567	1.5812380676109494	10.0	-1	-1	E_RT	U
210	107	47	379.38107491017524	1.2654790498771495	10.0	-1	-1	E_RT	U
211	107	11	856.272152998099	2.8562164595818453	10.0	-1	-1	E_RT	U
212	108	18	19.235384061671343	0.06416233480320356	10.0	-1	-1	E_RT	U
213	108	33	238.447059113758	0.7953737752594097	10.0	-1	-1	E_RT	U
214	109	93	275.0727176584403	0.9175438217943438	10.0	-1	-1	E_RT	U
215	109	33	264.09278672466615	0.8809187145217181	10.0	-1	-1	E_RT	U
216	110	49	491.3298281195637	1.6388998956056582	10.0	-1	-1	E_RT	U
217	110	15	394.2854296065225	1.3151946257651435	10.0	-1	-1	E_RT	U
218	111	58	540.004629609784	1.8012615567860082	10.0	-1	-1	E_RT	U
219	111	43	287.0017421549911	0.9573347644222295	10.0	-1	-1	E_RT	U
220	112	22	735.0823083165585	2.4519706506978185	10.0	-1	-1	E_RT	U
221	112	73	878.3012011832843	2.9296974548415236	10.0	-1	-1	E_RT	U
222	113	15	150.8011936292283	0.5030186370773486	10.0	-1	-1	E_RT	U
223	113	48	342.1841609426129	1.141403500359615	10.0	-1	-1	E_RT	U
224	114	26	535.1112033960792	1.7849388439120746	10.0	-1	-1	E_RT	U
225	114	63	287.20027855139693	0.9579970105565394	10.0	-1	-1	E_RT	U
226	115	106	656.6886629141698	2.1904775967184933	10.0	-1	-1	E_RT	U
227	115	95	153.80507143784303	0.5130384949105125	10.0	-1	-1	E_RT	U
228	116	49	178.46568297574746	0.5952974406572545	10.0	-1	-1	E_RT	U
229	116	8	119.33147112141039	0.3980469419327767	10.0	-1	-1	E_RT	U
230	117	34	242.099153240981	0.8075558499906658	10.0	-1	-1	E_RT	U
231	117	112	217.0829334609241	0.724110722828538	10.0	-1	-1	E_RT	U
232	118	107	855.7458734928261	2.854460980111868	10.0	-1	-1	E_RT	U
233	118	93	70.76722405181653	0.23605405060529083	10.0	-1	-1	E_RT	U
234	119	114	596.657355607052	1.9902347096638835	10.0	-1	-1	E_RT	U
235	119	112	258.69866640553056	0.8629258658852937	10.0	-1	-1	E_RT	U
236	120	66	135.38463723776047	0.4515945402394362	10.0	-1	-1	E_RT	U
237	120	16	264.030301291348	0.8807102855514397	10.0	-1	-1	E_RT	U
238	121	27	195.5326059765992	0.6522265679432109	10.0	-1	-1	E_RT	U
239	121	86	390.4830342025118	1.302511199939899	10.0	-1	-1	E_RT	U
240	122	88	486.5439342957633	1.6229358721751541	10.0	-1	-1	E_RT	U
241	122	24	205.0	0.6838063951562117	10.0	-1	-1	E_RT	U
242	123	64	211.5892246783848	0.7057856828352392	10.0	-1	-1	E_RT	U
243	123	61	162.48384535085327	0.5419877685877383	10.0	-1	-1	E_RT	U
244	124	15	135.14806694880988	0.4508054266955905	10.0	-1	-1	E_RT	U
245	124	9	63.56099432828282	0.21201665563008532	10.0	-1	-1	E_RT	U
246	125	65	523.6220010656542	1.7466149901131076	10.0	-1	-1	E_RT	U
247	125	23	529.4109934634905	1.7659249902260399	10.0	-1	-1	E_RT	U
248	126	28	316.8485442605031	1.0568929798110636	10.0	-1	-1	E_RT	U
249	126	114	387.82728114458376	1.2936525612815242	10.0	-1	-1	E_RT	U
250	127	100	389.34432062122085	1.2987128602855673	10.0	-1	-1	E_RT	U
251	127	10	409.69500851242987	1.3665954482164788	10.0	-1	-1	E_RT	U
252	128	2	51.86520991955976	0.17300371819080174	10.0	-1	-1	E_RT	U
253	128	13	238.53720883753127	0.7956744823698375	10.0	-1	-1	E_RT	U
254	129	124	486.7864007960781	1.623744653363088	10.0	-1	-1	E_RT	U
255	129	57	349.6927222576987	1.1664493649726795	10.0	-1	-1	E_RT	U
256	130	29	328.3321488980328	1.0951981617163724	10.0	-1	-1	E_RT	U
257	130	31	292.138665705175	0.9744696969834212	10.0	-1	-1	E_RT	U
258	131	83	286.1904959987316	0.9546287385212726	10.0	-1	-1	E_RT	U
259	131	53	694.8618567744239	2.3178096654266866	10.0	-1	-1	E_RT	U
260	132	20	274.0894014733149	0.9142638320584934	10.0	-1	-1	E_RT	U
261	132	54	115.62439189029277	0.38568145663722053	10.0	-1	-1	E_RT	U
262	133	89	24.698178070456937	0.08238425421114809	10.0	-1	-1	E_RT	U
263	133	24	423.70980635335786	1.4133437818284202	10.0	-1	-1	E_RT	U
264	134	13	84.8528137423857	0.2830385204099621	10.0	-1	-1	E_RT	U
265	134	51	472.88264929049785	1.5773667304548997	10.0	-1	-1	E_RT	U
266	135	53	534.5091205957107	1.7829305118666818	10.0	-1	-1	E_RT	U
267	135	29	807.7883386135256	2.6944918628123915	10.0	-1	-1	E_RT	U
268	136	94	148.94629904767692	0.4968313747495173	10.0	-1	-1	E_RT	U
269	136	123	120.90492132250036	0.40329540685943593	10.0	-1	-1	E_RT	U
270	137	118	226.75316976836288	0.7563671590709693	10.0	-1	-1	E_RT	U
271	137	7	265.04527915056326	0.8840958872639927	10.0	-1	-1	E_RT	U
272	138	123	117.63077828527702	0.3923740412618286	10.0	-1	-1	E_RT	U
273	138	88	325.49347151671105	1.085729353193772	10.0	-1	-1	E_RT	U
274	139	58	72.49827584156743	0.24182821784518485	10.0	-1	-1	E_RT	U
275	139	28	324.32699548449557	1.0818384079712091	10.0	-1	-1	E_RT	U
276	140	89	456.1578674099571	1.5215788631012093	10.0	-1	-1	E_RT	U
277	140	16	873.7253573062876	2.9144340826155393	10.0	-1	-1	E_RT	U
278	141	132	496.6769573877975	1.656735998968318	10.0	-1	-1	E_RT	U
279	141	60	251.01792764661252	0.837305679139575	10.0	-1	-1	E_RT	U
280	142	133	480.71301209765477	1.6034860093033254	10.0	-1	-1	E_RT	U
281	142	0	231.1990484409484	0.7711970140387868	10.0	-1	-1	E_RT	U
282	143	100	88.52683209061533	0.29529372647064833	10.0	-1	-1	E_RT	U
283	143	67	87.32124598286491	0.291272324078496	10.0	-1	-1	E_RT	U
284	144	55	126.40015822774906	0.4216255441214237	10.0	-1	-1	E_RT	U
285	144	36	628.5610551092074	2.0966539962429853	10.0	-1	-1	E_RT	U
286	145	128	579.9672404541484	1.9345624780665711	10.0	-1	-1	E_RT	U
287	145	20	179.61347388211163	0.5991260590088349	10.0	-1	-1	E_RT	U
288	146	66	53.75872022286245	0.17931978870149712	10.0	-1	-1	E_RT	U
289	146	82	259.9326835932719	0.8670421041521729	10.0	-1	-1	E_RT	U
290	147	131	613.5796606798501	2.0466814434666336	10.0	-1	-1	E_RT	U
291	147	120	184.98108011361595	0.6170304661687519	10.0	-1	-1	E_RT	U
292	148	79	390.7556781417258	1.303420642228851	10.0	-1	-1	E_RT	U
293	148	20	535.706076127572	1.7869231257564593	10.0	-1	-1	E_RT	U
294	149	2	532.6931574555844	1.7768731108491873	10.0	-1	-1	E_RT	U
295	149	51	884.4308904600744	2.950143897416106	10.0	-1	-1	E_RT	U
296	150	61	64.47480127925948	0.21506478751796845	10.0	-1	-1	E_RT	U
297	150	104	658.7753790177651	2.197438132408805	10.0	-1	-1	E_RT	U
298	151	137	218.3323155192561	0.728278212786981	10.0	-1	-1	E_RT	U
299	151	64	724.0476503656372	2.415162993745617	10.0	-1	-1	E_RT	U
300	152	48	1179.1373965742923	3.9331789880260843	10.0	-1	-1	E_RT	U
301	152	71	592.5740460060666	1.9766142549392176	10.0	-1	-1	E_RT	U
302	153	81	405.0802389650722	1.3512022339303553	10.0	-1	-1	E_RT	U
303	153	54	90.95603333479313	0.30339666962133227	10.0	-1	-1	E_RT	U
304	154	15	592.5571702376067	1.976557963434846	10.0	-1	-1	E_RT	U
305	154	47	722.9301487695751	2.4114354096578876	10.0	-1	-1	E_RT	U
306	155	101	53.41348144429457	0.17816819609349402	10.0	-1	-1	E_RT	U
307	155	97	409.9560952102066	1.3674663396976006	10.0	-1	-1	E_RT	U
308	156	29	172.69916039170545	0.5760623917753976	10.0	-1	-1	E_RT	U
309	156	64	439.45534471661625	1.465865244403901	10.0	-1	-1	E_RT	U
310	157	133	44.40720662234904	0.14812649697261243	10.0	-1	-1	E_RT	U
311	157	112	829.0289500373314	2.7653429161227643	10.0	-1	-1	E_RT	U
312	158	66	710.254179853945	2.3691529286368667	10.0	-1	-1	E_RT	U
313	158	148	731.7301415139327	2.4407890258331073	10.0	-1	-1	E_RT	U
314	159	70	209.02152999152983	0.6972207752855805	10.0	-1	-1	E_RT	U
315	159	18	307.2621030976648	1.0249160540845388	10.0	-1	-1	E_RT	U
316	160	108	433.0046189130088	1.4443479392433842	10.0	-1	-1	E_RT	U
317	160	111	334.3411431457397	1.115242009009245	10.0	-1	-1	E_RT	U
318	161	147	302.0	1.0073635674984192	10.0	-1	-1	E_RT	U
319	161	94	352.5109927363968	1.1758501033951854	10.0	-1	-1	E_RT	U
320	162	43	209.44211610848473	0.6986236995611301	10.0	-1	-1	E_RT	U
321	162	47	155.16765126791086	0.5175835719920308	10.0	-1	-1	E_RT	U
322	163	27	240.05207768315609	0.8007275409281847	10.0	-1	-1	E_RT	U
323	163	24	536.4932432006949	1.7895488324816193	10.0	-1	-1	E_RT	U
324	164	63	142.52368224263643	0.4754078311157395	10.0	-1	-1	E_RT	U
325	164	56	536.6945127351313	1.7902201953830716	10.0	-1	-1	E_RT	U
326	165	113	96.93296652842108	0.32333357274925534	10.0	-1	-1	E_RT	U
327	165	106	267.2901045680517	0.891583818856616	10.0	-1	-1	E_RT	U
328	166	159	479.82705217609396	1.6005307651071528	10.0	-1	-1	E_RT	U
329	166	112	681.264999834866	2.272455432600863	10.0	-1	-1	E_RT	U
330	167	163	202.48456731316588	0.6754158148740549	10.0	-1	-1	E_RT	U
331	167	122	446.4101253331963	1.4890638954406128	10.0	-1	-1	E_RT	U
332	168	94	591.2165423937324	1.9720861102974525	10.0	-1	-1	E_RT	U
333	168	106	316.58963975468305	1.0560293673387977	10.0	-1	-1	E_RT	U
334	169	135	100.84641788382967	0.33638744135394383	10.0	-1	-1	E_RT	U
335	169	10	84.62860036654276	0.2822906250915183	10.0	-1	-1	E_RT	U
336	170	42	442.0011312202719	1.4743570741204968	10.0	-1	-1	E_RT	U
337	170	43	286.98606237934274	0.9572824623204588	10.0	-1	-1	E_RT	U
338	171	42	321.22422075553396	1.0714886655205114	10.0	-1	-1	E_RT	U
339	171	57	246.00203251192866	0.8205744539174786	10.0	-1	-1	E_RT	U
340	172	8	315.3173005085512	1.051785300444587	10.0	-1	-1	E_RT	U
341	172	135	188.08774548066654	0.6273931863911885	10.0	-1	-1	E_RT	U
342	173	158	252.67568145747623	0.8428353506393954	10.0	-1	-1	E_RT	U
343	173	164	191.03926298015284	0.637238389032965	10.0	-1	-1	E_RT	U
344	174	13	262.09158704544484	0.8742434309186152	10.0	-1	-1	E_RT	U
345	174	160	110.16805344563369	0.3674810706733446	10.0	-1	-1	E_RT	U
346	175	154	1057.166968836995	3.5263294343348526	10.0	-1	-1	E_RT	U
347	175	66	287.84718167805636	0.9601548471177896	10.0	-1	-1	E_RT	U
348	176	141	557.2907679120478	1.8589219076086558	10.0	-1	-1	E_RT	U
349	176	174	131.24404748406687	0.4377830194916607	10.0	-1	-1	E_RT	U
350	177	105	730.3382777863967	2.4361462681839607	10.0	-1	-1	E_RT	U
351	177	95	521.7068142165674	1.7402266144285972	10.0	-1	-1	E_RT	U
352	178	113	389.8025141016923	1.3002412292229588	10.0	-1	-1	E_RT	U
353	178	105	461.0878441251732	1.5380234953247998	10.0	-1	-1	E_RT	U
354	179	26	191.80198122021577	0.6397825432293422	10.0	-1	-1	E_RT	U
355	179	123	263.38754716197195	0.8785662885554377	10.0	-1	-1	E_RT	U
356	180	55	103.87011119662864	0.3464733965943488	10.0	-1	-1	E_RT	U
357	180	35	339.4775397577872	1.13237518389401	10.0	-1	-1	E_RT	U
358	181	162	210.28076469330236	0.7014211301249692	10.0	-1	-1	E_RT	U
359	181	122	512.0595668474518	1.7080468610302793	10.0	-1	-1	E_RT	U
360	182	72	733.2898471955002	2.445991643977582	10.0	-1	-1	E_RT	U
361	182	99	236.04448733236708	0.787359658435327	10.0	-1	-1	E_RT	U
362	183	34	349.2921413373052	1.1651131708500326	10.0	-1	-1	E_RT	U
363	183	14	249.09837414162303	0.8309027378588124	10.0	-1	-1	E_RT	U
364	184	165	282.6888749137468	0.9429485878318754	10.0	-1	-1	E_RT	U
365	184	47	294.4588256446052	0.9822089174925315	10.0	-1	-1	E_RT	U
366	185	99	323.5954264200902	1.0793981562407757	10.0	-1	-1	E_RT	U
367	185	149	260.2191384199095	0.8679976146027979	10.0	-1	-1	E_RT	U
368	186	133	170.95028517086482	0.5702287719688559	10.0	-1	-1	E_RT	U
369	186	25	432.26149493101974	1.4418691444566618	10.0	-1	-1	E_RT	U
370	187	158	562.3850993758637	1.8759147682623278	10.0	-1	-1	E_RT	U
371	187	36	385.48281414351015	1.2858322611421737	10.0	-1	-1	E_RT	U
372	188	42	160.75136080294934	0.5362088221810748	10.0	-1	-1	E_RT	U
373	188	70	174.01149387324966	0.580439865079093	10.0	-1	-1	E_RT	U
374	189	9	227.98464860599717	0.7604749303132808	10.0	-1	-1	E_RT	U
375	189	39	299.127063302537	0.9977804821979112	10.0	-1	-1	E_RT	U
376	190	51	353.3907186104355	1.1787845530471466	10.0	-1	-1	E_RT	U
377	190	116	529.2985924787633	1.765550060898341	10.0	-1	-1	E_RT	U
378	191	9	467.0471068318484	1.5579014560528017	10.0	-1	-1	E_RT	U
379	191	163	614.6625090242612	2.050293436749037	10.0	-1	-1	E_RT	U
380	192	105	336.70313333855387	1.1231207602245745	10.0	-1	-1	E_RT	U
381	192	159	226.80828909014767	0.75655101733796	10.0	-1	-1	E_RT	U
382	193	123	147.73286702694156	0.49278380120870674	10.0	-1	-1	E_RT	U
383	193	36	266.98689106396216	0.8905724074751813	10.0	-1	-1	E_RT	U
384	194	36	165.3027525481654	0.5513906308749281	10.0	-1	-1	E_RT	U
385	194	120	771.3319648504138	2.572886489527411	10.0	-1	-1	E_RT	U
386	195	182	463.4824700029118	1.5460111074672593	10.0	-1	-1	E_RT	U
387	195	159	332.93993452273037	1.1105680801440654	10.0	-1	-1	E_RT	U
388	196	183	355.4855833926321	1.1857722698035056	10.0	-1	-1	E_RT	U
389	196	91	920.6280464986932	3.070884613443788	10.0	-1	-1	E_RT	U
390	197	66	271.34664177026406	0.9051149704715521	10.0	-1	-1	E_RT	U
391	197	26	129.65338406690356	0.4324771374565519	10.0	-1	-1	E_RT	U
392	198	184	372.24857286496075	1.24168758396504	10.0	-1	-1	E_RT	U
393	198	74	185.42114226808118	0.6184983555126032	10.0	-1	-1	E_RT	U
394	199	79	603.7093671627101	2.0137576882027837	10.0	-1	-1	E_RT	U
395	199	47	310.446452709642	1.0355379010556762	10.0	-1	-1	E_RT	U
396	0	42	455.8003949098772	1.5203864631907358	10.0	-1	-1	E_RT	U
397	0	50	52.3450093132096	0.17460415669699603	10.0	-1	-1	E_RT	U
398	1	106	215.6965461012299	0.7194862323762324	10.0	-1	-1	E_RT	U
399	1	131	483.40976407184826	1.6124814056257821	10.0	-1	-1	E_RT	U
